300
111 158 142 
214 161 174 
16 151 191 
2 134 241 
202 113 179 
54 224 51 
92 255 18 
62 190 241 
169 213 103 
155 121 218 
190 232 120 
77 190 25 
251 206 176 
186 208 54 
171 154 167 
95 209 136 
146 45 135 
164 107 70 
149 21 27 
252 176 148 
214 110 124 
79 187 59 
104 182 9 
25 112 218 
79 28 116 
247 123 69 
127 13 115 
6 177 222 
76 70 243 
104 67 163 
252 25 18 
121 104 205 
180 209 132 
189 234 244 
151 57 16 
12 48 139 
81 175 152 
196 182 73 
163 2 144 
150 106 211 
58 103 236 
76 224 85 
25 148 38 
157 81 16 
146 233 73 
162 245 122 
46 70 41 
198 11 223 
16 174 226 
160 68 76 
115 126 179 
95 202 147 
180 228 39 
218 129 121 
234 19 98 
52 182 87 
174 228 157 
215 170 168 
183 186 86 
153 90 155 
229 205 25 
153 45 228 
44 225 200 
84 188 73 
205 166 93 
47 218 19 
134 136 247 
35 96 161 
204 23 92 
34 176 182 
189 149 132 
215 46 177 
187 91 146 
131 175 78 
204 124 245 
41 171 207 
60 49 88 
51 84 184 
213 32 207 
49 67 127 
231 0 20 
107 215 67 
28 146 158 
175 21 77 
253 226 201 
242 11 116 
194 72 165 
26 123 249 
210 80 26 
161 129 93 
32 105 93 
52 212 53 
119 241 199 
21 160 221 
98 157 191 
43 144 202 
159 82 18 
68 108 142 
62 62 222 
88 223 96 
